0001000
0000001
0000010
0001001
0000100
0000101
0000110
0001010
0011000
0010001
0010010
0011001
0010100
0010101
0010110
0011010
0101000
0100001
0100010
0101001
0100100
0100101
0100110
0101010
0110001
0010000
0100000
0110000
1000000
1010000
0110110
0110010
1001000
1000001
1000010
1001001
1000100
1000101
1000110
1001010
1011000
1010001
1010010
1011001
1010100
1010101
1010110
1011010
1101000
1100001
1100010
1101001
1100100
1100101
1100110
1101010
0001100
0001101
0101100
0101101
1001100
1001101
0110100
0110101
