000001000
000001001
000001010
000001100
000001101
000001110
000010000
000010001
000010010
000010100
000010101
000010110
000011000
000011001
000011010
000100000
000100001
000100010
000100100
000100101
000100110
000101000
000101001
000101010
000101100
000101101
000101110
000110000
000110001
000110010
000110100
000110101
000110110
000111000
000111001
000111010
001000000
001000001
001000010
001000100
001000101
001000110
001001000
001001001
001001010
001001100
001001101
001001110
001010000
001010001
001010010
001010100
001010101
001010110
001011000
001011001
001011010
001100000
001100001
001100010
001100100
001100101
001100110
001101000
001101001
001101010
001101100
001101101
001101110
010000001
010000010
010000100
010000101
010000110
010001000
010001001
010001010
010001100
010001101
010001110
010010000
010010001
010010010
010010100
010010101
010010110
010011000
010011001
010011010
010100000
010100001
010100010
010100100
010100101
010100110
010101000
010101001
010101010
010101100
010101101
010101110
010110000
010110001
010110010
010110100
010110101
010110110
010111000
010111001
010111010
011000000
011000001
011000010
011000100
011000101
011000110
011001000
011001001
011001010
011001101
011001110
011010000
011010001
011010010
011010100
011010101
011010110
011011000
011011001
011011010
011100000
011100001
011100010
011100100
011100101
011100110
011101000
011101001
011101010
011101100
011101101
011101110
100000001
100000010
100000100
100000101
100000110
100001000
100001001
100001010
100001100
100001101
100001110
100010000
100010001
100010010
100010100
100010101
100010110
100011000
100011001
100011010
100100000
100100001
100100010
100100100
100100101
100100110
100101000
100101001
100101010
100101100
100101101
100101110
100110000
100110001
100110010
100110100
100110101
100110110
100111000
100111001
100111010
101000000
101000001
101000010
101000100
101000101
101000110
101001000
101001001
101001010
101001100
101001101
101001110
101010000
101010001
101010010
101010100
101010101
101010110
101011000
101011001
101011010
101100000
101100001
101100010
101100100
101100101
101100110
101101000
101101001
101101010
101101100
101101101
101101110
110000001
110000010
110000100
110000101
110000110
110001000
110001001
110001010
110001100
110001101
110001110
110010000
110010001
110010010
110010100
110010101
110010110
110011000
110011010
110100000
110100001
110100010
110100100
110100101
110100110
110101000
110101001
110101010
110101100
110101101
110101110
110110000
110110001
110110010
110110100
110110101
110110110
110111000
110111001
110111010
